THREAD_COUNT EVICT_TLB_SIZE STEPS EXEC_TIME_20_RUNS NTT
256 6912 163840 .65218990000000000000 71.25500114717739732762
256 6912 184320 .78135610000000000000 85.36705306514875066918
256 6912 204800 .89345520000000000000 97.61443913950769701406
256 6912 225280 .85145235000000000000 93.02541817347507347398
256 6912 245760 .72391190000000000000 79.09098755585661375083
256 6912 266240 .85406915000000000000 93.31131663188716144609
256 6912 286720 .81422125000000000000 88.95773470703274372056
256 6912 307200 .83783600000000000000 91.53776398737012313037
256 6912 327680 1.02892065000000000000 112.41471555463295786035
256 6912 348160 .80888665000000000000 88.37490303619617826044
256 6912 368640 .80086055000000000000 87.49801155917796545357
256 6912 389120 .85882335000000000000 93.83073670639906477728
256 6912 409600 1.04665785000000000000 114.35259316719291153623
256 6912 430080 .70817940000000000000 77.37213342219405871363
256 6912 450560 .70146420000000000000 76.63846431185744408875
256 6912 471040 .74807245000000000000 81.73064820985698521779
256 6912 491520 .78887890000000000000 86.18895650558839274983
256 6912 512000 1.08045510000000000000 118.04511138546253100110
256 6912 532480 .74099905000000000000 80.95784396202296539894
256 6912 552960 .79444305000000000000 86.79686765943034448098
256 6912 573440 .96714740000000000000 105.66567972992166417201
256 6912 593920 .86199285000000000000 94.17702039790667438735
256 6912 614400 1.04053840000000000000 113.68401271728086180336
256 6912 634880 .75991530000000000000 83.02453867080378896306
256 6912 655360 .74066110000000000000 80.92092123807754919205
