THREAD_COUNT EVICT_TLB_SIZE STEPS EXEC_TIME_20_RUNS NTT
256 4864 163840 .09688355000000000000 10.58501130789148794371
256 4864 184320 .03360015000000000000 3.67098405969692665712
256 4864 204800 .04011020000000000000 4.38223950878956396333
256 4864 225280 .04943505000000000000 5.40102590435818155994
256 4864 245760 .05414670000000000000 5.91579717903615247626
256 4864 266240 .06120715000000000000 6.68718657474680156016
256 4864 286720 .06740280000000000000 7.36409225491374318521
256 4864 307200 .07856905000000000000 8.58406078947655934184
256 4864 327680 .08575245000000000000 9.36888308623496378197
256 4864 348160 .09022940000000000000 9.85801221470790678364
256 4864 368640 .09072485000000000000 9.91214259961323733461
256 4864 389120 .09572315000000000000 10.45823181723825235717
256 4864 409600 .10124755000000000000 11.06180008521889237290
256 4864 430080 .10206065000000000000 11.15063531776813905975
256 4864 450560 .10753940000000000000 11.74921609544515945765
256 4864 471040 .11200825000000000000 12.23746025849730686449
256 4864 491520 .11829030000000000000 12.92380556981940150116
256 4864 512000 .11984655000000000000 13.09383364835188847250
256 4864 532480 .13030070000000000000 14.23600170437784745818
256 4864 552960 .13083720000000000000 14.29461700663177790645
256 4864 573440 .13193475000000000000 14.41452982114958100711
256 4864 593920 .14159410000000000000 15.46986201094735002021
256 4864 614400 .14840365000000000000 16.21383932961137999978
256 4864 634880 .15728120000000000000 17.18375596805384085918
256 4864 655360 .16624720000000000000 18.16333621038140917086
