THREAD_COUNT EVICT_TLB_SIZE STEPS EXEC_TIME_20_RUNS NTT
256 6144 163840 .12989065000000000000 14.19120169563744824044
256 6144 184320 .15941885000000000000 17.41730489790121163784
256 6144 204800 .54231960000000000000 59.25112259502452774530
256 6144 225280 .58985040000000000000 64.44409968425307825934
256 6144 245760 .62570270000000000000 68.36114237017775786909
256 6144 266240 .54408470000000000000 59.44396857826481224529
256 6144 286720 .93978400000000000000 102.67609173048979012116
256 6144 307200 .96281180000000000000 105.19199379431655540866
256 6144 327680 .60491305000000000000 66.08976936271564203695
256 6144 348160 .50937080000000000000 55.65130177320849129784
256 6144 368640 .60611305000000000000 66.22087535098165608714
256 6144 389120 .68047585000000000000 74.34538233783828076347
256 6144 409600 .65262540000000000000 71.30258169541893826000
256 6144 430080 .82519170000000000000 90.15631111451015525134
256 6144 450560 .49093910000000000000 53.63754656993958199040
256 6144 471040 .81077945000000000000 88.58170088168777108894
256 6144 491520 .59354010000000000000 64.84721782167400496017
256 6144 512000 .71964715000000000000 78.62504233630871090037
256 6144 532480 .61716215000000000000 67.42804466344000262211
256 6144 552960 .64817020000000000000 70.81582886298331676299
256 6144 573440 .76626475000000000000 83.71824776846682472221
256 6144 593920 .64359000000000000000 70.31541915676998546908
256 6144 614400 .65562590000000000000 71.63040129357908422467
256 6144 634880 .74981060000000000000 81.92054977111079548558
256 6144 655360 .62740530000000000000 68.54715991652918747063
