THREAD_COUNT EVICT_TLB_SIZE STEPS EXEC_TIME_20_RUNS NTT
256 4608 163840 .08284145000000000000 9.05084180969965803188
256 4608 184320 .02964700000000000000 3.23908269510209878836
256 4608 204800 .03692670000000000000 4.03442624741885085601
256 4608 225280 .04802455000000000000 5.24692174065050421177
256 4608 245760 .05076365000000000000 5.54618208436670344918
256 4608 266240 .05569810000000000000 6.08529537086606430748
256 4608 286720 .06338940000000000000 6.92560827715805919435
256 4608 307200 .06936935000000000000 7.57894765593418479389
256 4608 327680 .07430760000000000000 8.11847611139638803002
256 4608 348160 .08538775000000000000 9.32903779130111767854
256 4608 368640 .09026215000000000000 9.86159031563766675042
256 4608 389120 .09298115000000000000 10.15865463405041025248
256 4608 409600 .09289400000000000000 10.14913306165259098209
256 4608 430080 .10032015000000000000 10.96047700728730784778
256 4608 450560 .10240725000000000000 11.18850309737897278458
256 4608 471040 .10524880000000000000 11.49895661484338297151
256 4608 491520 .10791100000000000000 11.78981524981153514186
256 4608 512000 .11669850000000000000 12.74989347638453386358
256 4608 532480 .12213350000000000000 13.34369434823935583257
256 4608 552960 .12487025000000000000 13.64269794272853412579
256 4608 573440 .13076650000000000000 14.28689267882310524533
256 4608 593920 .13524065000000000000 14.77571589332342754755
256 4608 614400 .13486120000000000000 14.73425908728381168809
256 4608 634880 .14332945000000000000 15.65945765822853958854
256 4608 655360 .15902275000000000000 17.37402899627440483344
