THREAD_COUNT EVICT_TLB_SIZE STEPS EXEC_TIME_20_RUNS NTT
256 3584 163840 .04103515000000000000 4.48329491199510537643
256 3584 184320 .01945130000000000000 2.12515159129893257874
256 3584 204800 .01999370000000000000 2.18441149799517092943
256 3584 225280 .02042490000000000000 2.23152224977875864480
256 3584 245760 .02084700000000000000 2.27763878115132908695
256 3584 266240 .02567550000000000000 2.80517650143670312141
256 3584 286720 .03004795000000000000 3.28288848343148073288
256 3584 307200 .03730600000000000000 4.07586666520993346371
256 3584 327680 .04038570000000000000 4.41233925859563635569
256 3584 348160 .05170775000000000000 5.64932972063499000316
256 3584 368640 .05284670000000000000 5.77376569174797058855
256 3584 389120 .05389925000000000000 5.88876203170579816233
256 3584 409600 .05681755000000000000 6.20760086966972216455
256 3584 430080 .06188935000000000000 6.76172032907603054769
256 3584 450560 .06787450000000000000 7.41562783380130887478
256 3584 471040 .07379115000000000000 8.06205137169640223317
256 3584 491520 .07987925000000000000 8.72720667766500234898
256 3584 512000 .08399720000000000000 9.17711326464836281397
256 3584 532480 .08703905000000000000 9.50945055665417517945
256 3584 552960 .09137250000000000000 9.98290159403030733428
256 3584 573440 .09032805000000000000 9.86879021949327535535
256 3584 593920 .08943480000000000000 9.77119819947776114674
256 3584 614400 .09447695000000000000 10.32207824842399676605
256 3584 634880 .10100445000000000000 11.03524019709600235990
256 3584 655360 .09943785000000000000 10.86408132941472101738
