THREAD_COUNT EVICT_TLB_SIZE STEPS EXEC_TIME_20_RUNS NTT
256 2560 163840 .01078515000000000000 1.17833145778933452785
256 2560 184320 .01035040000000000000 1.13083285079045985425
256 2560 204800 .01288415000000000000 1.40765768226463743731
256 2560 225280 .01177610000000000000 1.28659769034950671371
256 2560 245760 .01341205000000000000 1.46533339160266145156
256 2560 266240 .01117125000000000000 1.22051480951392454850
256 2560 286720 .01332180000000000000 1.45547312873515497820
256 2560 307200 .01302825000000000000 1.42340132635558129117
256 2560 327680 .01576600000000000000 1.72251417583498126276
256 2560 348160 .01642000000000000000 1.79396693943995892012
256 2560 368640 .01762950000000000000 1.92611085011307891487
256 2560 389120 .01802330000000000000 1.96913546526237585901
256 2560 409600 .01808555000000000000 1.97593658840367533787
256 2560 430080 .01822920000000000000 1.99163106774901943646
256 2560 450560 .01909400000000000000 2.08611478329272689530
256 2560 471040 .02017120000000000000 2.20380425875951884102
256 2560 491520 .02358210000000000000 2.57646210490664161085
256 2560 512000 .02843400000000000000 3.10655639196320291929
256 2560 532480 .03090565000000000000 3.37659648854461427525
256 2560 552960 .03252320000000000000 3.55332189797769013099
256 2560 573440 .03696470000000000000 4.03857793704727463426
256 2560 593920 .03829040000000000000 4.18341727758415365621
256 2560 614400 .03963990000000000000 4.33085688688830862349
256 2560 634880 .04160640000000000000 4.54570682515923914824
256 2560 655360 .05056650000000000000 5.52464246304449955751
