THREAD_COUNT EVICT_TLB_SIZE STEPS EXEC_TIME_20_RUNS NTT
256 3328 163840 .03235360000000000000 3.53479225163609347856
256 3328 184320 .01676865000000000000 1.83205869178074708562
256 3328 204800 .01966940000000000000 2.14898010466628063236
256 3328 225280 .01996615000000000000 2.18140152301456369019
256 3328 245760 .01939535000000000000 2.11903877459602967365
256 3328 266240 .01960380000000000000 2.14181297730773853095
256 3328 286720 .02308385000000000000 2.52202580602869036043
256 3328 307200 .02861230000000000000 3.12603655671972817358
256 3328 327680 .03133875000000000000 3.42391482480962317953
256 3328 348160 .03665020000000000000 4.00421724262255678528
256 3328 368640 .04132365000000000000 4.51481497667405958767
256 3328 389120 .05019700000000000000 5.48427274415758939789
256 3328 409600 .05090765000000000000 5.56191480295862513520
256 3328 430080 .05281800000000000000 5.77063007352860841918
256 3328 450560 .05479100000000000000 5.98619016923597985337
256 3328 471040 .06010365000000000000 6.56662369303717947317
256 3328 491520 .05949790000000000000 6.50044248271039779741
256 3328 512000 .06477230000000000000 7.07669700313561821936
256 3328 532480 .07019525000000000000 7.66918135235826896393
256 3328 552960 .07469915000000000000 8.16125490281768619781
256 3328 573440 .07947100000000000000 8.68260332790700215232
256 3328 593920 .08398515000000000000 9.17579674201619158955
256 3328 614400 .08932935000000000000 9.75967726075888516207
256 3328 634880 .09184900000000000000 10.03496159687093708005
256 3328 655360 .09052520000000000000 9.89032984081547924701
