THREAD_COUNT EVICT_TLB_SIZE STEPS EXEC_TIME_20_RUNS NTT
256 5376 163840 .10385810000000000000 11.34701569994209485518
256 5376 184320 .04708505000000000000 5.14427667733723737831
256 5376 204800 .05145255000000000000 5.62144784713041768182
256 5376 225280 .05441955000000000000 5.94560740311813742092
256 5376 245760 .06220470000000000000 6.79617389024243682330
256 5376 266240 .06844820000000000000 7.47830742169148575861
256 5376 286720 .07650205000000000000 8.35823072468835014039
256 5376 307200 .08911540000000000000 9.73630215560095707371
256 5376 327680 .09321275000000000000 10.18395808978575096417
256 5376 348160 .09248920000000000000 10.10490664161085557582
256 5376 368640 .09788575000000000000 10.69450665909165401129
256 5376 389120 .10360105000000000000 11.31893170470561242884
256 5376 409600 .10728825000000000000 11.72177670465098493373
256 5376 430080 .11055115000000000000 12.07826481224529930404
256 5376 450560 .11600620000000000000 12.67425624665406592446
256 5376 471040 .12496765000000000000 13.65333937877612559953
256 5376 491520 .12720720000000000000 13.89802139212708540462
256 5376 512000 .13248705000000000000 14.47487135224901397371
256 5376 532480 .13567735000000000000 14.82342754755323449398
256 5376 552960 .14834935000000000000 16.20790678364234286401
256 5376 573440 .15259275000000000000 16.67151940914901288116
256 5376 593920 .16122345000000000000 17.61446645325525243365
256 5376 614400 .16436065000000000000 17.95722120857870183220
256 5376 634880 .16971350000000000000 18.54204678298681292268
256 5376 655360 .17805990000000000000 19.45393263337302931311
