THREAD_COUNT EVICT_TLB_SIZE STEPS EXEC_TIME_20_RUNS NTT
256 4352 163840 .07036945000000000000 7.68821357165488533688
256 4352 184320 .02741495000000000000 2.99522009417780157108
256 4352 204800 .03063575000000000000 3.34710856668378328180
256 4352 225280 .03749960000000000000 4.09701843131685039714
256 4352 245760 .04861430000000000000 5.31135487113373903353
256 4352 266240 .05239885000000000000 5.72483584437719192824
256 4352 286720 .05659220000000000000 6.18298025762326694271
256 4352 307200 .06394205000000000000 6.98598804750406974838
256 4352 327680 .06730885000000000000 7.35382774858241650187
256 4352 348160 .07744570000000000000 8.46132919621103693911
256 4352 368640 .08387490000000000000 9.16375137934425154868
256 4352 389120 .08793965000000000000 9.60784560084781872412
256 4352 409600 .09173515000000000000 10.02252291623419899703
256 4352 430080 .09229100000000000000 10.08325230254891892187
256 4352 450560 .09536445000000000000 10.41904205224573632400
256 4352 471040 .10543710000000000000 11.51952932950212500955
256 4352 491520 .10689950000000000000 11.67930382720230746539
256 4352 512000 .10511400000000000000 11.48422904216150072654
256 4352 532480 .11771695000000000000 12.86116422117580220476
256 4352 552960 .11311860000000000000 12.35877153688994744834
256 4352 573440 .12178235000000000000 13.30532945842301347114
256 4352 593920 .12544285000000000000 13.70525735012946716341
256 4352 614400 .12962545000000000000 14.16222727223065913535
256 4352 634880 .13197045000000000000 14.41843022430049492510
256 4352 655360 .13872110000000000000 15.15597242404046804837
