THREAD_COUNT EVICT_TLB_SIZE STEPS EXEC_TIME_20_RUNS NTT
256 5888 163840 .12898060000000000000 14.09177419178620983513
256 5888 184320 .04080785000000000000 4.45846125271771788176
256 5888 204800 .05342930000000000000 5.83741764905112040992
256 5888 225280 .06014590000000000000 6.57123971637404538452
256 5888 245760 .06951780000000000000 7.59516655923259294868
256 5888 266240 .07724155000000000000 8.43902478995728129882
256 5888 286720 .08670730000000000000 9.47320521364813337849
256 5888 307200 .09133240000000000000 9.97852046892241803144
256 5888 327680 .09097625000000000000 9.93960930415496727813
256 5888 348160 .09806875000000000000 10.71450032230222115395
256 5888 368640 .10295770000000000000 11.24864250674649564618
256 5888 389120 .10774950000000000000 11.77217056889073408427
256 5888 409600 .10697545000000000000 11.68760174370964393798
256 5888 430080 .11177225000000000000 12.21167608080499076795
256 5888 450560 .12154975000000000000 13.27991674769745108107
256 5888 471040 .12617740000000000000 13.78551060319680101388
256 5888 491520 .13018555000000000000 14.22342099225382119328
256 5888 512000 .13489335000000000000 14.73777163521943864786
256 5888 532480 .14683840000000000000 16.04282795616689792306
256 5888 552960 .14626540000000000000 15.98022484676987621409
256 5888 573440 .15524985000000000000 16.96182084366703449180
256 5888 593920 .16925885000000000000 18.49237400168252684941
256 5888 614400 .16913780000000000000 18.47914868511619268210
256 5888 634880 .17431000000000000000 19.04423734554075757410
256 5888 655360 .18588470000000000000 20.30883108085961826306
