THREAD_COUNT EVICT_TLB_SIZE STEPS EXEC_TIME_20_RUNS NTT
256 5120 163840 .10330080000000000000 11.28612789389155349670
256 5120 184320 .03896610000000000000 4.25724087447694173431
256 5120 204800 .04814875000000000000 5.26049121043603666597
256 5120 225280 .05271765000000000000 5.75966633525986299424
256 5120 245760 .05663765000000000000 6.18794589692884222486
256 5120 266240 .06471790000000000000 7.07075353166755891575
256 5120 286720 .07189290000000000000 7.85465808650810125752
256 5120 307200 .08122280000000000000 8.87399621977733832992
256 5120 327680 .08974135000000000000 9.80469031673021665264
256 5120 348160 .09095245000000000000 9.93700903538769133280
256 5120 368640 .09513730000000000000 10.39422478121688208108
256 5120 389120 .09952960000000000000 10.87410547476756000830
256 5120 409600 .10425920000000000000 11.39083787652001005145
256 5120 430080 .10909150000000000000 11.91879076576822646374
256 5120 450560 .11280615000000000000 12.32463481519518404003
256 5120 471040 .11968285000000000000 13.07594860645259972249
256 5120 491520 .12140390000000000000 13.26398190737361929006
256 5120 512000 .12816855000000000000 14.00305367697669591058
256 5120 532480 .13662315000000000000 14.92676091730489790121
256 5120 552960 .13826880000000000000 15.10655639196320291929
256 5120 573440 .13852900000000000000 15.13498454041888363250
256 5120 593920 .15567880000000000000 17.00868577172262343082
256 5120 614400 .16123365000000000000 17.61558085415551355308
256 5120 634880 .15967285000000000000 17.44505566541751794513
256 5120 655360 .16891195000000000000 18.45447344557462662107
