THREAD_COUNT EVICT_TLB_SIZE STEPS EXEC_TIME_20_RUNS NTT
256 6656 163840 .91331925000000000000 99.78468572802062734215
256 6656 184320 .73484315000000000000 80.28528116771733548929
256 6656 204800 .66152245000000000000 72.27462880617072184772
256 6656 225280 .75371275000000000000 82.34687913120431775721
256 6656 245760 .93770570000000000000 102.44902708431207595406
256 6656 266240 1.09185020000000000000 119.29008292453757825388
256 6656 286720 .73785075000000000000 80.61387647630805537042
256 6656 307200 .80744665000000000000 88.21757585027696140021
256 6656 327680 .73959930000000000000 80.80491428946017109331
256 6656 348160 .73841935000000000000 80.67599886374810169454
256 6656 368640 .78068015000000000000 85.29320215450840717149
256 6656 389120 .76556220000000000000 83.64149067508658457975
256 6656 409600 .68300230000000000000 74.62140960788384009439
256 6656 430080 .70651250000000000000 77.19001627899354303007
256 6656 450560 1.13782195000000000000 124.31272602126102109713
256 6656 471040 .74607485000000000000 81.51240044139016049558
256 6656 491520 .91957270000000000000 100.46790634662238197729
256 6656 512000 .73960500000000000000 80.80553704290443466005
256 6656 532480 .78650435000000000000 85.92952506855750636410
256 6656 552960 1.01574795000000000000 110.97553234493985512788
256 6656 573440 .68290040000000000000 74.61027652438025106796
256 6656 593920 .81175405000000000000 88.68818079515781883337
256 6656 614400 .74784080000000000000 81.70533929137213342219
256 6656 634880 .81481315000000000000 89.02240273574495515082
256 6656 655360 .94601925000000000000 103.35732390826951020987
