THREAD_COUNT EVICT_TLB_SIZE STEPS EXEC_TIME_20_RUNS NTT
256 2304 163840 .01093625000000000000 1.19483988681183013034
256 2304 184320 .00912105000000000000 .99652022856143954375
256 2304 204800 .01066195000000000000 1.16487124299402375203
256 2304 225280 .00902535000000000000 .98606452599722492324
256 2304 245760 .01133780000000000000 1.23871122813534508188
256 2304 266240 .01229785000000000000 1.34360148149766740595
256 2304 286720 .01026450000000000000 1.12144784713041768182
256 2304 307200 .01246190000000000000 1.36152476264353374340
256 2304 327680 .01150115000000000000 1.25655803078805624446
256 2304 348160 .01071495000000000000 1.17066175747577270591
256 2304 368640 .01195435000000000000 1.30607239235652088409
256 2304 389120 .01262760000000000000 1.37962831452326585016
256 2304 409600 .01261325000000000000 1.37806050541358476548
256 2304 430080 .01612975000000000000 1.76225567852811677173
256 2304 450560 .01732015000000000000 1.89231281888800270952
256 2304 471040 .01690535000000000000 1.84699384894405051950
256 2304 491520 .01696885000000000000 1.85393154082312709633
256 2304 512000 .01786190000000000000 1.95150170984059696926
256 2304 532480 .01804705000000000000 1.97173027128014072042
256 2304 552960 .02071790000000000000 2.26353396191371040872
256 2304 573440 .02318525000000000000 2.53310426203716854767
256 2304 593920 .02990330000000000000 3.26708474909591495591
256 2304 614400 .03157430000000000000 3.44964983775633952080
256 2304 634880 .03097060000000000000 3.38369260015951228572
256 2304 655360 .03659795000000000000 3.99850866938347409017
