THREAD_COUNT EVICT_TLB_SIZE STEPS EXEC_TIME_20_RUNS NTT
512 4096 163840 .01756660000000000000 1.93318916896394240028
512 4096 184320 .01758405000000000000 1.93510952640353918024
512 4096 204800 .01756860000000000000 1.93340926723782168738
512 4096 225280 .01757020000000000000 1.93358534585692511706
512 4096 245760 .01758640000000000000 1.93536814187534734258
512 4096 266240 .01757895000000000000 1.93454827580514699813
512 4096 286720 .01873605000000000000 2.06188613215800855081
512 4096 307200 .03056285000000000000 3.36341526491578489795
512 4096 327680 .03740715000000000000 4.11662457287178725300
512 4096 348160 .04018985000000000000 4.42285830623373336194
512 4096 368640 .05139110000000000000 5.65554620137891568585
512 4096 389120 .05282880000000000000 5.81376384555704121890
512 4096 409600 .05797605000000000000 6.38021426566962148599
512 4096 430080 .06122615000000000000 6.73788496563715699059
512 4096 450560 .06406050000000000000 7.04980273692203568893
512 4096 471040 .07260140000000000000 7.98972141060983729235
512 4096 491520 .07015175000000000000 7.72013954230563946802
512 4096 512000 .07868090000000000000 8.65876513863440025971
512 4096 532480 .08284370000000000000 9.11687768588674843317
512 4096 552960 .08854170000000000000 9.74393766816883738589
512 4096 573440 .09055135000000000000 9.96509791621959204784
512 4096 593920 .08926485000000000000 9.82351970154674061968
512 4096 614400 .09111880000000000000 10.02754529897599278077
512 4096 634880 .09322110000000000000 10.25890159956420541771
512 4096 655360 .10068050000000000000 11.07980213165178252089
