THREAD_COUNT EVICT_TLB_SIZE STEPS EXEC_TIME_20_RUNS NTT
512 4352 163840 .04450765000000000000 4.89802846971172628578
512 4352 184320 .01756265000000000000 1.93275447487303080825
512 4352 204800 .01758115000000000000 1.93479038390641421394
512 4352 225280 .01758240000000000000 1.93492794532758876838
512 4352 245760 .01760620000000000000 1.93754711478675228489
512 4352 266240 .01749630000000000000 1.92545271463708545865
512 4352 286720 .01861455000000000000 2.04851516201984185939
512 4352 307200 .03086245000000000000 3.39638598634290210579
512 4352 327680 .03450255000000000000 3.79697584971689859522
512 4352 348160 .03923185000000000000 4.31743123304555484023
512 4352 368640 .05132020000000000000 5.64774371756989495809
512 4352 389120 .05396585000000000000 5.93889521671426291839
512 4352 409600 .05712145000000000000 6.28616627324100210744
512 4352 430080 .05868450000000000000 6.45817857673451195958
512 4352 450560 .06307700000000000000 6.94156941074189625667
512 4352 471040 .06830530000000000000 7.51693931340343463356
512 4352 491520 .07264165000000000000 7.99415088837165794527
512 4352 512000 .07755285000000000000 8.53462420970963535218
512 4352 532480 .08335240000000000000 9.17285968184794510749
512 4352 552960 .08825035000000000000 9.71187485212147223735
512 4352 573440 .09003950000000000000 9.90876926547703549634
512 4352 593920 .08682940000000000000 9.55550053098708573378
512 4352 614400 .08923300000000000000 9.82001463653521297259
512 4352 634880 .09289355000000000000 10.22285500475962517263
512 4352 655360 .09923150000000000000 10.92034093222623901572
