THREAD_COUNT EVICT_TLB_SIZE STEPS EXEC_TIME_20_RUNS NTT
256 2560 163840 .00967835000000000000 1.07149697482992067577
256 2560 184320 .01031355000000000000 1.14182041616154906421
256 2560 204800 .01427335000000000000 1.58021267526888863056
256 2560 225280 .01613975000000000000 1.78684313953424005402
256 2560 245760 .01715160000000000000 1.89886576880282976568
256 2560 266240 .01759615000000000000 1.94808221377130489175
256 2560 286720 .01760195000000000000 1.94872433587414406784
256 2560 307200 .01758785000000000000 1.94716331490000055355
256 2560 327680 .01759950000000000000 1.94845309464104820897
256 2560 348160 .01759865000000000000 1.94835899053977005386
256 2560 368640 .01760365000000000000 1.94891254407670037807
256 2560 389120 .01760365000000000000 1.94891254407670037807
256 2560 409600 .01760245000000000000 1.94877969122783710026
256 2560 430080 .01759945000000000000 1.94844755910567890573
256 2560 450560 .01759835000000000000 1.94832577732755423440
256 2560 471040 .01760040000000000000 1.94855273427769566733
256 2560 491520 .01759435000000000000 1.94788293449800997503
256 2560 512000 .01758900000000000000 1.94729063221349452812
256 2560 532480 .01757790000000000000 1.94606174336150920836
256 2560 552960 .01758395000000000000 1.94673154314119490066
256 2560 573440 .01758230000000000000 1.94654887047400789367
256 2560 593920 .01770640000000000000 1.96028806926061854072
256 2560 614400 .01867120000000000000 2.06710175974669390150
256 2560 634880 .02075520000000000000 2.29782287393925303485
256 2560 655360 .03050130000000000000 3.37682049919457960376
