THREAD_COUNT EVICT_TLB_SIZE STEPS EXEC_TIME_20_RUNS NTT
256 2048 163840 .00896520000000000000 .99254363385754853280
256 2048 184320 .00848610000000000000 .93950213394888486639
256 2048 204800 .01285185000000000000 1.42283740471959745586
256 2048 225280 .01440920000000000000 1.59525272486728553952
256 2048 245760 .01756300000000000000 1.94441215382145684219
256 2048 266240 .01719685000000000000 1.90387542831204919983
256 2048 286720 .01756070000000000000 1.94415751919446889305
256 2048 307200 .01755285000000000000 1.94328844014148828403
256 2048 327680 .01755200000000000000 1.94319433604021012892
256 2048 348160 .01753960000000000000 1.94182152326862292486
256 2048 368640 .01755785000000000000 1.94384199367841860825
256 2048 389120 .01755340000000000000 1.94334933103055061970
256 2048 409600 .01755280000000000000 1.94328290460611898079
256 2048 430080 .01755630000000000000 1.94367039208197020774
256 2048 450560 .01754570000000000000 1.94249685858367792041
256 2048 471040 .01753115000000000000 1.94088601779121067694
256 2048 491520 .01754565000000000000 1.94249132304830861716
256 2048 512000 .01756100000000000000 1.94419073240668471251
256 2048 532480 .01758305000000000000 1.94663190350454744230
256 2048 552960 .01758740000000000000 1.94711349508167682437
256 2048 573440 .01761065000000000000 1.94968751902840283197
256 2048 593920 .01758850000000000000 1.94723527685980149570
256 2048 614400 .01749995000000000000 1.93743184372076545383
256 2048 634880 .01960210000000000000 2.17016235725238166409
256 2048 655360 .03082920000000000000 3.41312254014647026587
