THREAD_COUNT EVICT_TLB_SIZE STEPS EXEC_TIME_20_RUNS NTT
256 2304 163840 .00963685000000000000 1.06690248047339898478
256 2304 184320 .01076120000000000000 1.19138006432292099130
256 2304 204800 .01188755000000000000 1.31607906958721512751
256 2304 225280 .01419395000000000000 1.57142224510243508200
256 2304 245760 .01755475000000000000 1.94349879048552180724
256 2304 266240 .01754500000000000000 1.94241936108850767501
256 2304 286720 .01754455000000000000 1.94236954127018394584
256 2304 307200 .01754840000000000000 1.94279577749362029548
256 2304 327680 .01755845000000000000 1.94390842010285024716
256 2304 348160 .01755335000000000000 1.94334379549518131646
256 2304 368640 .01754800000000000000 1.94275149321066586954
256 2304 389120 .01755110000000000000 1.94309469640356267056
256 2304 409600 .01755455000000000000 1.94347664834404459427
256 2304 430080 .01754560000000000000 1.94248578751293931392
256 2304 450560 .01754715000000000000 1.94265738910938771443
256 2304 471040 .01756015000000000000 1.94409662830540655739
256 2304 491520 .01757100000000000000 1.94529783948054536094
256 2304 512000 .01757625000000000000 1.94587907069432220137
256 2304 532480 .01758505000000000000 1.94685332491931957199
256 2304 552960 .01760095000000000000 1.94861362516675800300
256 2304 573440 .01760165000000000000 1.94869112266192824839
256 2304 593920 .01760550000000000000 1.94911735888536459803
256 2304 614400 .01850870000000000000 2.04911126979645836447
256 2304 634880 .02037215000000000000 2.25541513747502089664
256 2304 655360 .02941035000000000000 3.25604065297175216301
