THREAD_COUNT EVICT_TLB_SIZE STEPS EXEC_TIME_20_RUNS NTT
512 4352 163840 .23634260000000000000 26.15942975417003331599
512 4352 184320 .09988635000000000000 11.05585686298382901479
512 4352 204800 .09038020000000000000 10.00367472079869835190
512 4352 225280 .09682240000000000000 10.71672551385214783003
512 4352 245760 .10263265000000000000 11.35982932471471105847
512 4352 266240 .11159440000000000000 12.35175490055010127619
512 4352 286720 .12170325000000000000 13.47064650735497581546
512 4352 307200 .12904920000000000000 14.28372829202961913511
512 4352 327680 .14655065000000000000 16.22086510896875380477
512 4352 348160 .15552645000000000000 17.21434580008190642744
512 4352 368640 .15989600000000000000 17.69798665146601436683
512 4352 389120 .17255145000000000000 19.09874705302887754989
512 4352 409600 .18607140000000000000 20.59519408502772643253
512 4352 430080 .18444960000000000000 20.41568618769854007327
512 4352 450560 .19671950000000000000 21.77377223372109754612
512 4352 471040 .20968465000000000000 23.20881158201157758420
512 4352 491520 .21400480000000000000 23.68698462594220062647
512 4352 512000 .22676230000000000000 25.09904036658660497858
512 4352 532480 .23421705000000000000 25.92416460978228386111
512 4352 552960 .24068940000000000000 26.64055253633214163170
512 4352 573440 .24656855000000000000 27.29128249969561800613
512 4352 593920 .26033650000000000000 28.81517925332329795123
512 4352 614400 .26841095000000000000 29.70889459528263251685
512 4352 634880 .27220165000000000000 30.12846580406654343807
512 4352 655360 .28143265000000000000 31.15019314421065447662
