THREAD_COUNT EVICT_TLB_SIZE STEPS EXEC_TIME_20_RUNS NTT
512 4096 163840 .05293990000000000000 5.85961902442803856243
512 4096 184320 .07395600000000000000 8.18577263218479860980
512 4096 204800 .08798410000000000000 9.73846392243239952627
512 4096 225280 .09288445000000000000 10.28085603285111846547
512 4096 245760 .09794265000000000000 10.84071966971786556277
512 4096 266240 .10203050000000000000 11.29318073649374079936
512 4096 286720 .11199715000000000000 12.39633302710660010847
512 4096 307200 .11931485000000000000 13.20628797857150763168
512 4096 327680 .12789750000000000000 14.15625311299766455997
512 4096 348160 .13954050000000000000 15.44495113285443899631
512 4096 368640 .15550170000000000000 17.21160636213709365003
512 4096 389120 .16032745000000000000 17.74574141919488195512
512 4096 409600 .17601515000000000000 19.48212447563283783634
512 4096 430080 .18225550000000000000 20.17283363033636977431
512 4096 450560 .18598460000000000000 20.58558668245763556067
512 4096 471040 .20136060000000000000 22.28746942344516143314
512 4096 491520 .19960860000000000000 22.09355042226083876609
512 4096 512000 .21193140000000000000 23.45749167100180415509
512 4096 532480 .21645400000000000000 23.95807276389918868363
512 4096 552960 .22102380000000000000 24.46387815865496364018
512 4096 573440 .23152480000000000000 25.62617463778542729697
512 4096 593920 .23997965000000000000 26.56199431082382370194
512 4096 614400 .25726420000000000000 28.47512368977387184964
512 4096 634880 .26570745000000000000 29.40965942421995196298
512 4096 655360 .27720165000000000000 30.68188761109942776185
