THREAD_COUNT EVICT_TLB_SIZE STEPS EXEC_TIME_20_RUNS NTT
256 6400 163840 1.19174700000000000000 130.20430683171453856154
256 6400 184320 .59178430000000000000 64.65538790984278206907
256 6400 204800 .61829995000000000000 67.55235499131422827737
256 6400 225280 .74504535000000000000 81.39992242895694260835
256 6400 245760 .74919525000000000000 81.85331971287788569742
256 6400 266240 .90432890000000000000 98.80244512668116116203
256 6400 286720 .53172125000000000000 58.09319996940860273793
256 6400 307200 .70220785000000000000 76.71971178533579521244
256 6400 327680 .80932030000000000000 88.42228146270580908783
256 6400 348160 .61726115000000000000 67.43886090747194878126
256 6400 368640 .66288700000000000000 72.42371270307771307454
256 6400 389120 .83109680000000000000 90.80147275726818822449
256 6400 409600 .62844825000000000000 68.66110740858088693201
256 6400 430080 .99292165000000000000 108.48164516164275803297
256 6400 450560 .76973380000000000000 84.09725879229533808956
256 6400 471040 .65062455000000000000 71.08397884823389308306
256 6400 491520 .70828625000000000000 77.38380731789924504801
256 6400 512000 .69565580000000000000 76.00386762665384741448
256 6400 532480 .71283370000000000000 77.88063892318281637513
256 6400 552960 .76617815000000000000 83.70878628631362737493
256 6400 573440 .77803540000000000000 85.00425001911962328879
256 6400 593920 .66457460000000000000 72.60809142457581750046
256 6400 614400 .72636665000000000000 79.35918124310327874225
256 6400 634880 .78569150000000000000 85.84071714975581509685
256 6400 655360 .79019685000000000000 86.33294911995105376438
