THREAD_COUNT EVICT_TLB_SIZE STEPS EXEC_TIME_20_RUNS NTT
256 3840 163840 .05417865000000000000 5.91928787597373510035
256 3840 184320 .01940170000000000000 2.11973254378393733133
256 3840 204800 .02042745000000000000 2.23180085000382392465
256 3840 225280 .02340640000000000000 2.55726600312469272034
256 3840 245760 .02908060000000000000 3.17720066864054015667
256 3840 266240 .03194405000000000000 3.49004687039080510002
256 3840 286720 .03792705000000000000 4.14371947688710681860
256 3840 307200 .04965960000000000000 5.42555911241245943908
256 3840 327680 .05426825000000000000 5.92907712309759748276
256 3840 348160 .05569795000000000000 6.08527898261753105573
256 3840 368640 .05669105000000000000 6.19378011340667985010
256 3840 389120 .06287325000000000000 6.86921631395513990101
256 3840 409600 .06773135000000000000 7.39998798195107561537
256 3840 430080 .07847685000000000000 8.57398747937812059565
256 3840 450560 .08252475000000000000 9.01624075429645249046
256 3840 471040 .08761700000000000000 9.57259447825279419637
256 3840 491520 .09243080000000000000 10.09852615018190955871
256 3840 512000 .09276905000000000000 10.13548165062439226911
256 3840 532480 .09278930000000000000 10.13769406417638125621
256 3840 552960 .09761265000000000000 10.66466912126211364704
256 3840 573440 .09835110000000000000 10.74534846879131204317
256 3840 593920 .10140140000000000000 11.07860896546449759092
256 3840 614400 .10498465000000000000 11.47009690917632662871
256 3840 634880 .11239410000000000000 12.27961629647434146554
256 3840 655360 .11179760000000000000 12.21444569480711031476
