THREAD_COUNT EVICT_TLB_SIZE STEPS EXEC_TIME_20_RUNS NTT
256 5632 163840 .12675280000000000000 13.84837592457035475095
256 5632 184320 .04366040000000000000 4.77011657507456653082
256 5632 204800 .05341320000000000000 5.83565864370855138808
256 5632 225280 .05767080000000000000 6.30082269007636923816
256 5632 245760 .06382390000000000000 6.97307957040937844836
256 5632 266240 .07214685000000000000 7.88240339127489648089
256 5632 286720 .08113450000000000000 8.86434900414076412940
256 5632 307200 .09265305000000000000 10.12280807175867757759
256 5632 327680 .09003775000000000000 9.83707349583192212304
256 5632 348160 .09585170000000000000 10.47227654623124911230
256 5632 368640 .10046480000000000000 10.97628074162287362475
256 5632 389120 .10614040000000000000 11.59636836412503141080
256 5632 409600 .11305660000000000000 12.35199772749620338908
256 5632 430080 .11417840000000000000 12.47455997552688219034
256 5632 450560 .11901655000000000000 13.00315200646789542112
256 5632 471040 .12305745000000000000 13.44464049645467556730
256 5632 491520 .13245825000000000000 14.47172480853062963650
256 5632 512000 .13189845000000000000 14.41056386500453408209
256 5632 532480 .14141235000000000000 15.45000491647455997552
256 5632 552960 .14717465000000000000 16.07956494662893727671
256 5632 573440 .15602400000000000000 17.04640059434714680593
256 5632 593920 .16190545000000000000 17.68897835658643708551
256 5632 614400 .16737665000000000000 18.28673425908728381168
256 5632 634880 .17719605000000000000 19.35955271007003244873
256 5632 655360 .18155480000000000000 19.83576789869877306645
