THREAD_COUNT EVICT_TLB_SIZE STEPS EXEC_TIME_20_RUNS NTT
256 4096 163840 .05882100000000000000 6.42648777982934370527
256 4096 184320 .02337215000000000000 2.55352401970960023599
256 4096 204800 .02664905000000000000 2.91154169716701810355
256 4096 225280 .02922960000000000000 3.19347966218357023457
256 4096 245760 .03801865000000000000 4.15372723399141255776
256 4096 266240 .04525680000000000000 4.94453124146445388893
256 4096 286720 .04961790000000000000 5.42100317932021545084
256 4096 307200 .05498175000000000000 6.00703055862076500344
256 4096 327680 .05715030000000000000 6.24395546766598564389
256 4096 348160 .06532985000000000000 7.13761212293371499743
256 4096 368640 .06881215000000000000 7.51807077538266560325
256 4096 389120 .07878120000000000000 8.60723923565208840913
256 4096 409600 .08436570000000000000 9.21737372854505129521
256 4096 430080 .08931735000000000000 9.75836620087622502157
256 4096 450560 .09119565000000000000 9.96357984900960351364
256 4096 471040 .09127355000000000000 9.97209081274787225906
256 4096 491520 .09555150000000000000 10.43947819816670126408
256 4096 512000 .09888560000000000000 10.80374526106479913470
256 4096 532480 .10497110000000000000 11.46861650405882288673
256 4096 552960 .10619300000000000000 11.60211517661069169334
256 4096 573440 .10934950000000000000 11.94697855324541948453
256 4096 593920 .11170995000000000000 12.20486949491418020518
256 4096 614400 .12076365000000000000 13.19403139988418971036
256 4096 634880 .11964560000000000000 13.07187885806684220301
256 4096 655360 .12446790000000000000 13.59873919741284183155
