THREAD_COUNT EVICT_TLB_SIZE STEPS EXEC_TIME_20_RUNS NTT
256 2816 163840 .02000045000000000000 2.18514896917916725846
256 2816 184320 .01331490000000000000 1.45471926930262539741
256 2816 204800 .01214020000000000000 1.32637743228921981011
256 2816 225280 .01548700000000000000 1.69203203356313299609
256 2816 245760 .01621020000000000000 1.77104524249145079701
256 2816 266240 .01738565000000000000 1.89946902074752264309
256 2816 286720 .01755930000000000000 1.91844114979951709294
256 2816 307200 .02031890000000000000 2.21994122081526073703
256 2816 327680 .02049435000000000000 2.23911000884965420795
256 2816 348160 .02060790000000000000 2.25151591298932578745
256 2816 368640 .02015100000000000000 2.20159730795704093784
256 2816 389120 .02382695000000000000 2.60321318926241956101
256 2816 409600 .03167315000000000000 3.46044969353975242819
256 2816 430080 .02188735000000000000 2.39130221022845218455
256 2816 450560 .03226465000000000000 3.52507402025587518709
256 2816 471040 .03319140000000000000 3.62632608244381562127
256 2816 491520 .03664800000000000000 4.00397688164406909285
256 2816 512000 .03944655000000000000 4.30973243452894710965
256 2816 532480 .05010080000000000000 5.47376241409826393820
256 2816 552960 .05146630000000000000 5.62295010324596575948
256 2816 573440 .05194385000000000000 5.67512482382632826754
256 2816 593920 .05235850000000000000 5.72042740552174720580
256 2816 614400 .05486390000000000000 5.99415485802314020692
256 2816 634880 .05586545000000000000 6.10357919347966218357
256 2816 655360 .05583575000000000000 6.10033432027007833582
