THREAD_COUNT EVICT_TLB_SIZE STEPS EXEC_TIME_20_RUNS NTT
256 2048 163840 .00905660000000000000 .98947874444165237247
256 2048 184320 .00897885000000000000 .98098416895191687880
256 2048 204800 .00886475000000000000 .96851817456762337619
256 2048 225280 .00898210000000000000 .98133924767013733352
256 2048 245760 .00900420000000000000 .98375378295403642561
256 2048 266240 .01058935000000000000 1.15693933070392990199
256 2048 286720 .01384670000000000000 1.51282107310251395732
256 2048 307200 .01804525000000000000 1.97153361229774169935
256 2048 327680 .01373970000000000000 1.50113078914879437118
256 2048 348160 .01658465000000000000 1.81195577357995826459
256 2048 368640 .01532150000000000000 1.67395033268144522501
256 2048 389120 .01517055000000000000 1.65745829190748287428
256 2048 409600 .01269190000000000000 1.38665341039451976969
256 2048 430080 .01316450000000000000 1.43828731877328496979
256 2048 450560 .01607100000000000000 1.75583694785259316719
256 2048 471040 .01443095000000000000 1.57665330113952954801
256 2048 491520 .01744555000000000000 1.90601339466180117776
256 2048 512000 .01721490000000000000 1.88081373116717106053
256 2048 532480 .01785350000000000000 1.95058396792273487091
256 2048 552960 .01819300000000000000 1.98767603710299467928
256 2048 573440 .01994250000000000000 2.17881764249582099662
256 2048 593920 .03102750000000000000 3.38990920910312578527
256 2048 614400 .03201600000000000000 3.49790776693725485911
256 2048 634880 .03201340000000000000 3.49762370396267849534
256 2048 655360 .03203780000000000000 3.50028952572408744769
