THREAD_COUNT EVICT_TLB_SIZE STEPS EXEC_TIME_20_RUNS NTT
256 3072 163840 .02721155000000000000 2.97299762916671218957
256 3072 184320 .01721655000000000000 1.88099400190103682985
256 3072 204800 .01945400000000000000 2.12544657977253111035
256 3072 225280 .01838645000000000000 2.00881141496137836095
256 3072 245760 .01956035000000000000 2.13706584798260660555
256 3072 266240 .01955260000000000000 2.13621912180838859814
256 3072 286720 .01944385000000000000 2.12433764162178107485
256 3072 307200 .01965640000000000000 2.14755978979339881349
256 3072 327680 .02300570000000000000 2.51348752854286619541
256 3072 348160 .02514200000000000000 2.74688896415343770826
256 3072 368640 .03034360000000000000 3.31518972129051994449
256 3072 389120 .03539040000000000000 3.86657780594128636825
256 3072 409600 .03847915000000000000 4.20403915698849544952
256 3072 430080 .03969235000000000000 4.33658731112543565427
256 3072 450560 .05060520000000000000 5.52887063116607851063
256 3072 471040 .05239640000000000000 5.72456816965114881622
256 3072 491520 .05185570000000000000 5.66549399643828731877
256 3072 512000 .05314140000000000000 5.80596313736629920571
256 3072 532480 .05471015000000000000 5.97735690327655715674
256 3072 552960 .05913325000000000000 6.46060265052606277791
256 3072 573440 .06074075000000000000 6.63623004730741076598
256 3072 593920 .06451565000000000000 7.04865670989522446437
256 3072 614400 .06928495000000000000 7.56972653475947513902
256 3072 634880 .07418455000000000000 8.10503228484961050595
256 3072 655360 .07739935000000000000 8.45626522741426214642
