THREAD_COUNT EVICT_TLB_SIZE STEPS EXEC_TIME_20_RUNS NTT
256 7168 163840 .97885840000000000000 106.94516492040773962350
256 7168 184320 .84834935000000000000 92.68639993881720547586
256 7168 204800 .78216685000000000000 85.45563154847097641184
256 7168 225280 .88534415000000000000 96.72826645107015262922
256 7168 245760 .87670005000000000000 95.78385539009494258650
256 7168 266240 .81643345000000000000 89.19942859640114062209
256 7168 286720 .77212105000000000000 84.35807776770203979066
256 7168 307200 .87175735000000000000 95.24384074992625288160
256 7168 327680 .87465325000000000000 95.56023227610921128822
256 7168 348160 .87467440000000000000 95.56254301915239978586
256 7168 368640 .85356225000000000000 93.25593527734379267773
